function [nodes,elements,symmetry,boundary]=dipl_K_4_ready
nodes = [
0.000000,-20.000000;
0.000000,-15.000000;
0.000000,-10.000000;
0.000000,-5.000000;
0.000000,0.000000;
0.000000,5.000000;
0.000000,10.000000;
0.000000,15.000000;
0.000000,20.000000;
5.000000,-20.000000;
3.750000,-15.000000;
3.750000,-10.000000;
2.500000,-5.000000;
2.500000,0.000000;
2.500000,5.000000;
3.750000,10.000000;
3.750000,15.000000;
5.000000,20.000000;
10.000000,-20.000000;
8.750000,-15.000000;
7.500000,-10.000000;
6.250000,-5.000000;
5.000000,0.000000;
6.250000,5.000000;
7.500000,10.000000;
8.750000,15.000000;
10.000000,20.000000;
15.000000,-20.000000;
12.500000,-15.000000;
11.250000,-10.000000;
8.750000,-5.000000;
7.500000,0.000000;
8.750000,5.000000;
11.250000,10.000000;
12.500000,15.000000;
15.000000,20.000000;
20.000000,-20.000000;
17.500000,-15.000000;
15.000000,-10.000000;
12.500000,-5.000000;
10.000000,0.000000;
12.500000,5.000000;
15.000000,10.000000;
17.500000,15.000000;
20.000000,20.000000;
25.000000,-20.000000;
21.250000,-15.000000;
18.750000,-10.000000;
15.000000,-5.000000;
12.500000,0.000000;
15.000000,5.000000;
18.750000,10.000000;
21.250000,15.000000;
25.000000,20.000000;
30.000000,-20.000000;
26.250000,-15.000000;
22.500000,-10.000000;
18.750000,-5.000000;
15.000000,0.000000;
18.750000,5.000000;
22.500000,10.000000;
26.250000,15.000000;
30.000000,20.000000;
35.000000,-20.000000;
30.000000,-15.000000;
26.250000,-10.000000;
21.250000,-5.000000;
17.500000,0.000000;
21.250000,5.000000;
26.250000,10.000000;
30.000000,15.000000;
35.000000,20.000000;
40.000000,-20.000000;
35.000000,-15.000000;
30.000000,-10.000000;
25.000000,-5.000000;
20.000000,0.000000;
25.000000,5.000000;
30.000000,10.000000;
35.000000,15.000000;
40.000000,20.000000;
];
elements = [
1,19,21,10,20,11;
1,21,3,11,12,2;
3,21,23,12,22,13;
3,23,5,13,14,4;
5,23,7,14,15,6;
23,25,7,24,16,15;
7,25,9,16,17,8;
25,27,9,26,18,17;
19,37,39,28,38,29;
19,39,21,29,30,20;
21,39,41,30,40,31;
21,41,23,31,32,22;
23,41,25,32,33,24;
41,43,25,42,34,33;
25,43,27,34,35,26;
43,45,27,44,36,35;
37,55,57,46,56,47;
37,57,39,47,48,38;
39,57,59,48,58,49;
39,59,41,49,50,40;
41,59,43,50,51,42;
59,61,43,60,52,51;
43,61,45,52,53,44;
61,63,45,62,54,53;
55,73,75,64,74,65;
55,75,57,65,66,56;
57,75,77,66,76,67;
57,77,59,67,68,58;
59,77,61,68,69,60;
77,79,61,78,70,69;
61,79,63,70,71,62;
79,81,63,80,72,71;
];
boundary = [
73,0.000000,0.000000,3;
1,0.000000,0.000000,3;
10,0.000000,0.000000,3;
19,0.000000,0.000000,3;
28,0.000000,0.000000,3;
37,0.000000,0.000000,3;
46,0.000000,0.000000,3;
55,0.000000,0.000000,3;
64,0.000000,0.000000,3;
81,0.000000,-0.400000,3;
9,0.000000,-0.400000,3;
18,0.000000,-0.400000,3;
27,0.000000,-0.400000,3;
36,0.000000,-0.400000,3;
45,0.000000,-0.400000,3;
54,0.000000,-0.400000,3;
63,0.000000,-0.400000,3;
72,0.000000,-0.400000,3;
];
symmetry = [9,2,3,4,5,6,7,8,1];
