nds =[0 1 1 1
1 5 1 1
2 11 31 1
3 15 31 1
4 6.05964 16.1789 1
5 10 16 1
6 3.52982 8.58947 1
7 7.5 8.5 1
8 12.4702 23.4105 1
9 8.52982 23.5895 1
10 8.75 12.25 1
11 2.26491 4.79473 1
12 13.7351 27.2053 1
13 7.29473 19.8842 1
14 4.79473 12.3842 1
15 6.25 4.75 1
16 9.76491 27.2947 1
17 11.2351 19.7053 1
18 9.375 14.125 1
19 5.42719 14.2816 1
20 6.78787 12.7739 0
21 8.125 10.375 1
22 4.16228 10.4868 1
23 5.5165 8.61503 0
24 2.89737 6.6921 1
25 6.875 6.625 1
26 4.87927 6.24858 0
27 4.25214 4.29876 0
28 1.63246 2.89737 1
29 3 1 1
30 5.625 2.875 1
31 3.8702 2.55671 0
32 8.0086 15.6221 0
33 6.67719 18.0316 1
34 6.14547 10.4959 0
35 9.26388 19.7721 0
36 11.8526 21.5579 1
37 7.91228 21.7368 1
38 10.5215 23.9743 0
39 13.1026 25.3079 1
40 11.7402 26.8161 0
41 12.3343 29.0786 0
42 9.14737 25.4421 1
43 14.3675 29.1026 1
44 13 31 1
45 10.3825 29.1474 1
46 10.6175 17.8526 1
47 8.6454 17.8989 0
48 9.88234 21.6449 0
49 5.71576 7.29235 0
50 4.08523 7.35024 0
51 3.68398 5.55726 0
52 2.87469 3.53738 0
53 8.04029 13.5282 0
54 6.74705 14.8957 0
55 7.52948 11.6152 0
56 5.94727 11.7814 0
57 11.7853 24.6929 0
58 12.5829 27.8041 0
59 7.59391 16.9656 0
60 8.85201 16.6137 0
61 10.9122 22.6147 0
62 10.6548 25.731 0
63 3.25853 4.54675 0
64 2.5698 4.16606 0
65 3.56341 3.91807 0
66 6.50825 8.55752 0
67 5.61613 7.95369 0
68 6.60788 7.89618 0
69 5.15387 10.4913 0
70 4.83939 9.55093 0
71 5.83098 9.55545 0
72 10.5587 20.6751 0
73 11.5439 20.6316 1
74 10.8675 21.6014 0
75 7.78489 12.5717 0
76 7.41408 13.1511 0
77 7.15867 12.1945 0
78 12.6671 30.0393 0
79 12 31 1
80 11.6671 30.0393 0
81 9.63147 17.8758 0
82 9.94071 18.8124 0
83 8.95464 18.8355 0
84 11.4959 23.6924 0
85 12.1278 24.0517 0
86 11.1534 24.3336 0
87 9.0625 13.1875 1
88 8.70765 13.8266 0
89 8.39515 12.8891 0
90 6.82274 9.49793 0
91 7.8125 9.4375 1
92 7.13524 10.4354 0
93 3.80752 7.96985 0
94 3.21359 7.64078 1
95 3.4913 7.02117 0
96 8.89731 21.6908 0
97 9.20608 22.6172 0
98 8.22105 22.6631 1
99 7.60351 20.8105 1
100 8.27931 19.8282 0
101 8.58808 20.7545 0
102 6.10753 13.5277 0
103 5.11096 13.3329 1
104 5.7913 12.5791 0
105 5.25107 4.52438 0
106 5.56463 5.49929 0
107 4.5657 5.27367 0
108 11.4827 28.4757 0
109 11.0613 27.9817 0
110 12.1616 27.3101 0
111 7.97007 18.8915 0
112 6.98596 18.9579 1
113 7.6613 17.9652 0
114 9.0043 15.8111 0
115 8.6918 14.8736 0
116 9.6875 15.0625 1
117 6.04637 11.1386 0
118 5.05478 11.1341 0
119 7.39367 14.212 0
120 6.76746 13.8348 0
121 8.74871 17.2563 0
122 9.73478 17.2332 0
123 3.84605 9.53815 1
124 4.52316 8.60225 0
125 8.13974 11.9326 0
126 7.82724 10.9951 0
127 8.4375 11.3125 1
128 5.29752 6.77046 0
129 5.87713 6.43679 0
130 6.29538 6.95868 0
131 6.83748 11.0555 0
132 3.8846 6.45375 0
133 4.28163 5.90292 0
134 4.48225 6.79941 0
135 6.5625 5.6875 1
136 2.97445 5.176 0
137 3.96806 4.92801 0
138 4.90049 7.3213 0
139 4.80086 7.98264 0
140 4.7476 2.71586 0
141 4.4351 1.77836 0
142 5.3125 1.9375 1
143 5.9375 3.8125 1
144 4.93857 3.58688 0
145 3.4351 1.77836 0
146 2.75133 2.72704 0
147 2.31623 1.94868 0
148 1.94868 3.84605 1
149 2.25357 3.21737 0
150 1.31623 1.94868 1
151 2 1 1
152 4.06117 3.42774 0
153 4 1 1
154 5.74342 15.2302 1
155 6.08712 14.5886 0
156 6.40335 15.5373 0
157 10.9263 18.779 1
158 10.2495 19.7387 0
159 7.80126 16.2938 0
160 6.82678 16.5722 0
161 7.03412 15.9005 0
162 5.371 12.0828 0
163 6.36757 12.2776 0
164 9.57311 20.7085 0
165 7.13555 17.4986 0
166 8.11966 17.4322 0
167 10.7169 23.2945 0
168 11.6912 23.0126 0
169 10.3973 22.1298 0
170 9.72101 23.1021 0
171 12.4214 26.062 0
172 13.4189 26.2566 1
173 12.7377 27.0107 0
174 8.83859 24.5158 1
175 9.52568 23.7819 0
176 9.83445 24.7082 0
177 13.159 27.5047 0
178 12.7864 24.3592 1
179 12.444 25.0004 0
180 9.45614 26.3684 1
181 9.90107 25.5865 0
182 10.2098 26.5129 0
183 13.6838 30.0513 0
184 14.6838 30.0513 1
185 14 31 1
186 10.0737 28.221 1
187 10.7526 27.0554 0
188 9.426 16.3068 0
189 8.4303 16.1179 0
190 11.2201 25.2119 0
191 10.5882 24.8527 0
192 13.4752 28.4534 0
193 13.3509 29.0906 0
194 12.4586 28.4414 0
195 10.6912 30.0737 1
196 11.3584 29.113 0
197 11.3824 22.0863 0
198 7.1875 7.5625 1
199 3.29067 6.12468 0
200 2.58114 5.74342 1
201 3.37245 3.04705 0
202 8.02445 14.5752 0
203 7.37783 15.2589 0
204 6.73838 11.6983 0
205 4.47851 11.4355 1
206 11.7628 25.7545 0
207 11.1975 26.2736 0
208 14.0513 28.154 1
209 6.36842 17.1052 1
210 8.22296 16.7896 0
211 10.3088 16.9263 1
212 12.1614 22.4842 1];

trngls = [27 11 52 63 64 65
7 23 49 66 67 68
34 22 23 69 70 71
48 17 36 72 73 74
55 53 20 75 76 77
41 44 2 78 79 80
47 46 35 81 82 83
38 8 57 84 85 86
10 18 53 87 88 89
34 7 21 90 91 92
50 6 24 93 94 95
37 48 9 96 97 98
37 13 35 99 100 101
20 19 14 102 103 104
27 15 26 105 106 107
58 45 40 108 109 110
47 13 33 111 112 113
5 32 18 114 115 116
22 34 56 69 117 118
53 54 20 119 120 76
46 47 60 81 121 122
23 22 6 70 123 124
10 55 21 125 126 127
49 26 25 128 129 130
34 23 7 71 66 90
55 34 21 131 92 126
50 51 26 132 133 134
25 26 15 129 106 135
51 11 27 136 63 137
50 49 23 138 67 139
30 31 1 140 141 142
30 15 27 143 105 144
29 31 28 145 146 147
11 28 52 148 149 64
28 0 29 150 151 147
31 30 27 140 144 152
1 31 29 141 145 153
4 19 54 154 155 156
35 46 17 82 157 158
32 59 4 159 160 161
14 56 20 162 163 104
17 48 35 72 164 158
33 59 47 165 166 113
8 38 61 84 167 168
48 61 9 169 170 97
40 39 12 171 172 173
35 48 37 164 96 101
42 9 38 174 175 176
58 40 12 110 173 177
8 39 57 178 179 85
16 42 62 180 181 182
44 43 3 183 184 185
40 45 16 109 186 187
5 60 32 188 189 114
38 57 62 86 190 191
58 43 41 192 193 194
43 44 41 183 78 193
41 2 45 80 195 196
47 35 13 83 100 111
61 48 36 169 74 197
7 49 25 68 130 198
50 23 6 139 124 93
51 50 24 132 95 199
49 50 26 138 134 128
11 51 24 136 199 200
27 26 51 107 133 137
28 31 52 146 201 149
27 52 31 65 201 152
18 32 53 115 202 88
54 32 4 203 161 156
20 54 19 120 155 102
53 32 54 202 203 119
53 55 10 75 125 89
55 20 56 77 163 204
22 56 14 118 162 205
55 56 34 204 117 131
39 40 57 171 206 179
62 57 40 190 206 207
43 58 12 192 177 208
45 58 41 108 194 196
4 59 33 160 165 209
60 59 32 210 159 189
46 60 5 122 188 211
59 60 47 210 121 166
8 61 36 168 197 212
9 61 38 170 167 175
16 62 40 182 207 187
38 62 42 191 181 176];

% The next line is a very-long :) line of indexes of nodes,
% that lies on a symmetry boundary

symm = [];

% The following lines contains indexes of boundary nodes
% and boundary condition params
% Format: 
% <index> <u1> <u2>
% Index - node index, u1 and u2 - displacements

bnd = [0 0 0
1 0 0
29 0 0
151 0 0
153 0 0
3 0 -0.075
2 0 -0.075
44 0 -0.075
79 0 -0.075
185 0 -0.075];

% End of data