nds=[ 0 15 0 1
1 30 100 1
2 20 100 1
3 5 0 1
4 20.5062 36.7081 1
5 12.5 50 1
6 8.75 25 1
7 17.7531 18.354 1
8 25.2531 68.354 1
9 16.25 75 1
10 19.1297 27.5311 1
11 10.625 37.5 1
12 18.4414 22.9425 1
13 13.6821 28.3461 0
14 6.875 12.5 1
15 15.0354 25.7993 0
16 18.7855 25.2368 1
17 16.0079 23.5 0
18 17.0825 26.6652 0
19 17.4631 24.2622 0
20 17.564 25.5098 0
21 16.2236 24.9903 0
22 19.3017 28.6782 1
23 9.6875 31.25 1
24 19.8179 32.1196 1
25 17.9487 27.4703 0
26 15.7185 27.0371 0
27 16.6501 28.1986 0
28 18.0102 29.1018 0
29 16.3761 30.2302 0
30 14.2715 29.414 0
31 12.5127 27.999 0
32 11.8317 24.9935 0
33 15.2403 28.3749 0
34 14.0117 27.1717 0
35 12.674 29.5991 0
36 13.901 33.2032 0
37 9.21875 28.125 1
38 13.6769 31.2686 0
39 10.9005 28.9697 0
40 13.3751 25.6289 0
41 12.1097 26.5104 0
42 13.5116 23.1052 0
43 8.98438 26.5625 1
44 14.3386 24.4154 0
45 13.0018 24.343 0
46 11.4867 22.9952 0
47 14.9955 30.6688 0
48 16.4297 32.7916 0
49 16.0254 31.5188 0
50 17.7997 31.6559 0
51 15.0872 32.5174 0
52 15.3974 34.4226 0
53 10.1563 34.375 1
54 11.3037 30.6469 0
55 9.45313 29.6875 1
56 7.8125 18.75 1
57 10.9124 27.4487 0
58 10.2921 25.5675 0
59 8.28125 21.875 1
60 10.1011 26.6734 0
61 19.4738 29.8253 1
62 18.2745 30.4093 0
63 16.9191 29.2692 0
64 20.1621 34.4138 1
65 12.9614 35.8841 0
66 12.9542 32.3326 0
67 12.5252 30.8245 0
68 12.1937 34.1099 0
69 11.1546 24.0815 0
70 8.51563 23.4375 1
71 16.9027 34.2332 0
72 17.987 35.6252 0
73 16.4138 36.4241 0
74 16.2649 35.2409 0
75 14.7057 36.038 0
76 13.9154 34.7134 0
77 10.9486 33.4573 0
78 10.3906 35.9375 1
79 11.9029 36.8507 0
80 13.6773 37.7309 0
81 11.2743 35.0061 0
82 14.6855 39.3844 0
83 10.5273 20.5942 0
84 9.87078 24.3273 0
85 9.88459 22.4333 0
86 18.7243 32.2558 0
87 17.7266 33.1645 0
88 19.0394 33.6038 0
89 18.9861 34.8607 0
90 19.2274 36.2112 0
91 22.8797 52.5311 1
92 17.9032 37.4086 0
93 12.0745 33.0076 0
94 9.92188 32.8125 1
95 13.7744 36.6311 0
96 15.2647 37.5364 0
97 21.6929 44.6196 1
98 11.0938 40.625 1
99 11.5625 43.75 1
100 9.40356 21.2334 0
101 8.04688 20.3125 1
102 9.41717 19.3081 0
103 11.0083 21.7942 0
104 13.4887 20.1035 0
105 12.0621 20.6754 0
106 11.3958 18.7224 0
107 13.2631 21.6061 0
108 12.406 19.4679 0
109 12.2478 15.7243 0
110 13.7385 18.438 0
111 15.5791 21.1855 0
112 12.5291 22.4979 0
113 14.5601 22.1613 0
114 14.3762 20.9492 0
115 14.9395 19.4696 0
116 15.1497 17.7707 0
117 16.3766 9.17702 1
118 16.3094 18.8156 0
119 18.0972 20.6483 1
120 17.3517 19.5872 0
121 16.8054 20.7635 0
122 17.558 21.9021 0
123 17.1613 23.0681 0
124 12.5612 37.7523 0
125 13.147 39.1883 0
126 10.8594 39.0625 1
127 12.0205 38.8103 0
128 16.8363 41.0436 0
129 16.541 37.7053 0
130 10.5388 19.4622 0
131 14.8265 23.3254 0
132 12.4578 17.6798 0
133 10.9155 17.1711 0
134 7.34375 15.625 1
135 17.409 16.0598 1
136 17.0648 13.7655 1
137 16.636 17.3487 0
138 12.8639 13.8566 0
139 15.3683 15.7122 0
140 15.5624 38.6445 0
141 15.9401 39.9816 0
142 21.0996 40.6638 1
143 14.1861 42.3709 0
144 15.3512 41.3877 0
145 13.7285 40.7594 0
146 16.8075 44.2953 0
147 11.3281 42.1875 1
148 12.4287 40.3473 0
149 15.7288 43.0171 0
150 17.431 42.6748 0
151 12.0313 46.875 1
152 14.4208 43.9752 0
153 15.4876 45.0786 0
154 17.0115 46.1427 0
155 17.96 47.7411 0
156 13.6575 45.7807 0
157 9.13977 17.5198 0
158 9.8131 14.8191 0
159 13.8113 16.5454 0
160 17.5793 39.1969 0
161 13.0313 43.3591 0
162 12.6171 44.758 0
163 19.2601 44.3089 0
164 15.212 47.0964 0
165 10.2014 18.2302 0
166 7.57813 17.1875 1
167 11.3565 14.3948 0
168 9.81284 11.7987 0
169 11.54 12.5287 0
170 10.8453 15.7696 0
171 9.51458 16.179 0
172 8.59203 15.2637 0
173 7.10938 14.0625 1
174 8.55807 13.0464 0
175 13.5614 15.1221 0
176 14.9582 13.5273 0
177 14.897 16.703 0
178 18.997 41.1798 0
179 20.8029 38.6859 1
180 18.8669 46.1223 0
181 18.0363 43.838 0
182 19.1607 42.7417 0
183 21.3963 42.6417 1
184 20.3126 43.4554 0
185 20.2403 41.839 0
186 14.7959 46.0118 0
187 16.5705 47.4851 0
188 14.375 62.5 1
189 15.3461 49.1959 0
190 13.5903 47.4363 0
191 14.5947 48.1898 0
192 13.8944 49.4965 0
193 12.2656 48.4375 1
194 13.3697 48.5214 0
195 13.4375 56.25 1
196 14.8668 50.5369 0
197 12.9688 53.125 1
198 10.1924 13.3088 0
199 12.264 8.40794 0
200 8.2584 14.1599 0
201 14.6967 14.7073 0
202 16.0084 14.5575 0
203 13.6116 11.7871 0
204 17.8868 41.5846 0
205 18.475 38.4357 0
206 22.2863 48.5753 1
207 17.9286 45.1703 0
208 16.0188 51.3742 0
209 14.4975 52.2561 0
210 11.4282 10.3851 0
211 12.7504 12.6458 0
212 12.3374 11.3703 0
213 13.5372 9.85849 0
214 21.9896 46.5974 1
215 20.1699 47.9156 0
216 12.7344 51.5625 1
217 13.6377 50.7111 0
218 17.1631 55.1012 0
219 13.2031 54.6875 1
220 10.9637 11.484 0
221 12.3554 9.61178 0
222 15.9873 10.4083 0
223 16.7207 11.4713 1
224 20.3451 45.4934 0
225 19.9788 46.6844 0
226 21.399 47.6972 0
227 14.1412 53.4086 0
228 16.0607 53.1995 0
229 14.9774 9.60348 0
230 15.6883 4.58851 1
231 14.1377 10.8011 0
232 15.1601 11.98 0
233 16.2622 12.713 0
234 19.4059 52.2096 0
235 16.0272 54.4893 0
236 15.599 56.6444 0
237 17.5991 52.2511 0
238 17.8153 49.9989 0
239 17.0437 48.8159 0
240 16.4346 50.0564 0
241 18.5397 53.8534 0
242 17.2166 51.0779 0
243 18.578 51.1277 0
244 19.5842 49.6258 0
245 17.2302 53.7919 0
246 23.473 56.4868 1
247 18.5094 48.9099 0
248 20.9498 49.1382 0
249 22.583 50.5532 1
250 19.5948 55.0644 0
251 19.8102 53.4728 0
252 21.1447 52.3493 0
253 24.0664 60.4425 1
254 20.7595 50.7612 0
255 20.6126 54.3918 0
256 18.3967 56.2617 0
257 21.8872 53.6333 0
258 20.9992 56.0832 0
259 22.0963 51.6374 0
260 18.3722 55.0518 0
261 17.005 56.5052 0
262 18.2643 59.6039 0
263 16.1114 58.9919 0
264 23.1763 54.5089 1
265 21.8877 55.0194 0
266 11.0783 32.0267 0
267 12.7814 41.8988 0
268 19.4522 37.5267 0
269 5.9375 6.25 1
270 14.6263 54.748 0
271 14.6081 55.955 0
272 12.3856 5.0722 0
273 16.0324 6.88276 1
274 13.8 8.09567 0
275 15.3035 8.16503 0
276 12.7276 6.75476 0
277 9.31859 6.69026 0
278 14.1482 5.58992 0
279 14.6168 6.92639 0
280 11.0147 7.16596 0
281 15.8603 5.73564 1
282 10.5738 8.85872 0
283 10.5963 5.39634 0
284 11.6634 6.09505 0
285 9.88223 10.2482 0
286 9.13632 9.01007 0
287 7.97284 8.15241 0
288 6.40625 9.375 1
289 9.92599 7.78618 0
290 10 0 1
291 8.67322 11.9074 0
292 9.05392 5.15114 0
293 7.66554 6.18221 0
294 8.95894 1.45255 0
295 10.2334 2.70532 0
296 10.0108 4.1053 0
297 11.5853 3.63793 0
298 9.06153 3.2367 0
299 7.5 0 1
300 7.84646 9.54185 0
301 13.9408 2.19598 0
302 12.5 0 1
303 14.2563 0.994701 0
304 12.5365 2.27808 0
305 7.32309 10.8351 0
306 12.7612 3.92227 0
307 6.17188 7.8125 1
308 8.28994 7.09388 0
309 5.46875 3.125 1
310 15.3441 2.29425 1
311 13.0218 1.13098 0
312 14.5485 3.58653 0
313 5.70313 4.6875 1
314 10.328 1.33443 0
315 11.25 0 1
316 11.3106 2.09094 0
317 7.28806 2.44366 0
318 8.75 0 1
319 13.7905 4.47674 0
320 6.73407 3.73403 0
321 6.98528 5.03974 0
322 8.04184 4.15945 0
323 11.8398 1.02925 0
324 8.38019 2.38086 0
325 5.23438 1.5625 1
326 6.25 0.611328 0
327 6.16757 2.22135 0
328 7.7089 1.24914 0
329 18.0777 57.9228 0
330 19.7813 57.3888 0
331 19.5685 56.2362 0
332 23.7697 58.4647 1
333 21.0209 57.3243 0
334 22.1711 56.6835 0
335 20.4771 58.817 0
336 21.9876 60.2571 0
337 21.5287 59.2262 0
338 19.5011 59.5772 0
339 20.5058 60.2991 0
340 18.9227 61.4421 0
341 24.6597 64.3983 1
342 21.284 61.594 0
343 23.0959 59.5769 0
344 19.1699 58.4226 0
345 16.4875 61.2773 0
346 17.741 60.8283 0
347 13.9063 59.375 1
348 16.7584 60.0591 0
349 16.4131 57.6964 0
350 15.3448 60.1863 0
351 14.1406 60.9375 1
352 16.7386 62.3444 0
353 15.247 61.5704 0
354 15.3125 68.75 1
355 17.7862 62.6673 0
356 19.9723 63.5554 0
357 19.0474 62.6975 0
358 21.0082 67.6433 0
359 17.3127 58.8586 0
360 18.377 64.3478 0
361 17.1318 65.984 0
362 14.8438 65.625 1
363 14.6094 64.0625 1
364 16.8167 63.9521 0
365 19.1369 66.4393 0
366 17.4064 64.9011 0
367 15.6024 63.1147 0
368 15.7472 64.6907 0
369 19.7175 65.0445 0
370 22.1859 64.7006 0
371 20.5956 66.2283 0
372 20.897 64.48 0
373 21.3769 63.0754 0
374 22.7597 62.245 0
375 24.3631 62.4204 1
376 23.6507 61.5161 0
377 23.4258 63.5722 0
