nds=[0 5 5 1
1 15 5 1
2 16 9.4 1
3 16.3 13.2 1
4 16.2 18.7 1
5 15.6 24.5 1
6 12.5 29.7 1
7 9 30 1
8 5 30 1
9 5 17.5 1
10 5 23.75 1
11 5.89283 19.2874 0
12 10.5633 27.6723 0
13 10.75 29.85 1
14 14.05 27.1 1
15 9.64694 24.0411 0
16 12.3861 27.8701 0
17 11.8309 24.4879 0
18 12.5779 26.1019 0
19 10.8265 25.9326 0
20 13.7151 24.5957 0
21 8.9366 26.5365 0
22 12.9862 20.817 0
23 14.825 25.8 1
24 8.93692 28.2688 0
25 7.45627 24.4538 0
26 15.9 21.6 1
27 7 30 1
28 5 26.875 1
29 12.8594 23.0322 0
30 7.02826 27.403 0
31 9.60818 25.3788 0
32 6 28.6905 0
33 5 20.625 1
34 10.7071 21.7978 0
35 11.3963 23.0896 0
36 7.5871 28.7077 0
37 5 25.3125 1
38 14.2305 21.9994 0
39 15.75 23.05 1
40 14.3976 23.3819 0
41 8.21969 22.4859 0
42 12.0918 21.877 0
43 7.52846 25.9699 0
44 9.60353 22.6484 0
45 9.11114 20.8684 0
46 7.0531 20.7885 0
47 11.0296 19.4089 0
48 10.373 20.5365 0
49 9.34183 19.181 0
50 10.67 15.7084 0
51 10.4144 17.6009 0
52 7.71888 16.9252 0
53 13.5151 17.056 0
54 8.94304 17.7562 0
55 7.46278 18.9387 0
56 12.0897 18.0395 0
57 12.0541 16.4633 0
58 12.9306 13.2099 0
59 13.4592 15.097 0
60 13.8155 19.0159 0
61 11.872 14.524 0
62 16.25 15.95 1
63 12.4608 19.4836 0
64 14.7325 20.409 0
65 5 11.25 1
66 14.8743 17.8507 0
67 14.6169 13.7552 0
68 14.6961 16.042 0
69 16.15 11.3 1
70 16.275 14.575 1
71 14.0716 12.5616 0
72 12.6671 11.4179 0
73 11.2597 12.5402 0
74 13.4291 8.91509 0
75 13.5098 10.3071 0
76 10 5 1
77 6.55218 22.9711 0
78 5 22.1875 1
79 6.4817 17.7909 0
80 5 14.375 1
81 6.09927 15.9275 0
82 8.09748 13.3472 0
83 7.71636 15.1159 0
84 6.57654 13.9449 0
85 5 12.8125 1
86 6.72974 12.0313 0
87 9.36688 14.5461 0
88 11.5832 9.72044 0
89 9.15247 10.8819 0
90 9.67879 12.9444 0
91 10.6143 13.9578 0
92 9.11951 16.1351 0
93 5 8.125 1
94 8.15856 11.9149 0
95 7.29043 10.085 0
96 12.5 5 1
97 9.17584 8.25321 0
98 12.1083 8.40589 0
99 15.5 7.2 1
100 8.61549 9.56266 0
101 7.32729 8.23677 0
102 6.11772 9.13714 0
103 9.51623 6.60844 0
104 11.6459 6.62724 0
105 10.668 7.83091 0
106 11.25 5 1
107 13.75 5 1
108 13.125 6.36583 0
109 7.5 5 1
110 8.75 5 1
111 14.8372 8.50746 0
112 14.4918 6.27231 0
113 6.24137 6.5625 0
114 7.87732 6.69073 0
115 15.3466 12.3193 0
116 14.9676 10.4374 0
117 10.7259 11.0505 0
118 10.0961 9.70324 0
119 13.6285 23.2071 0
120 13.545 22.5158 0
121 14.3141 22.6907 0
122 12.9526 18.5277 0
123 13.1381 19.2498 0
124 12.2753 18.7616 0
125 11.5681 28.86 0
126 12.4431 28.785 0
127 11.625 29.775 1
128 6.22814 24.8832 0
129 7.49237 25.2119 0
130 6.26423 25.6412 0
131 6.14521 10.6675 0
132 7.01008 11.0581 0
133 5.86487 11.6406 0
134 13.8594 20.613 0
135 14.4815 21.2042 0
136 13.6084 21.4082 0
137 11.2521 17.8202 0
138 11.5597 18.7242 0
139 10.722 18.5049 0
140 8.53222 24.9163 0
141 8.55161 24.2475 0
142 9.62756 24.71 0
143 9.875 29.925 1
144 8.96846 29.1344 0
145 9.84346 29.0594 0
146 13.1465 25.3488 0
147 14.2701 25.1979 0
148 13.7015 25.951 0
149 6.22814 24.1019 0
150 5.77609 23.3605 0
151 7.00423 23.7124 0
152 13.4695 9.61108 0
153 12.5465 10.0138 0
154 12.5062 9.31776 0
155 9.74997 27.1044 0
156 9.75013 27.9706 0
157 8.93676 27.4026 0
158 14.2387 10.3722 0
159 14.1984 9.67626 0
160 10.6567 28.7612 0
161 11.4747 27.7712 0
162 12.773 24.5418 0
163 12.3452 23.76 0
164 13.2873 23.814 0
165 13.2181 27.485 0
166 12.482 26.986 0
167 13.314 26.601 0
168 11.7022 26.0173 0
169 11.6063 26.9013 0
170 13.275 28.4 1
171 12.2044 25.2949 0
172 11.3287 25.2102 0
173 7.83798 23.4698 0
174 8.93331 23.2635 0
175 10.6949 26.8025 0
176 9.88157 26.2345 0
177 6.5 29.3452 0
178 6 30 1
179 5.5 29.3452 0
180 13.1612 21.9382 0
181 12.4756 22.4546 0
182 14.4375 26.45 1
183 6.26423 26.4225 0
184 5 26.0938 1
185 10.2367 24.9868 0
186 10.7389 24.2645 0
187 9.90912 21.3331 0
188 9.74208 20.7025 0
189 10.5401 21.1671 0
190 9.62523 23.3447 0
191 10.4999 22.869 0
192 10.5216 23.5654 0
193 14.6576 24.5479 0
194 15.2125 25.15 1
195 6.51413 28.0467 0
196 7.30768 28.0554 0
197 6.79355 28.6991 0
198 9.35733 21.7584 0
199 8.91161 22.5671 0
200 8.66542 21.6772 0
201 10.2174 25.6557 0
202 9.27239 25.9576 0
203 11.2324 21.2068 0
204 11.6796 20.6767 0
205 12.539 21.347 0
206 14.9988 23.941 0
207 15.0738 23.216 0
208 15.675 23.775 1
209 12.1279 23.0609 0
210 11.6136 23.7888 0
211 8 30 1
212 7.29355 29.3539 0
213 8.29355 29.3539 0
214 7.98259 27.8359 0
215 7.98243 26.9697 0
216 8.26201 28.4883 0
217 15.0653 21.7997 0
218 15.3163 21.0045 0
219 13.4008 19.9165 0
220 14.274 19.7125 0
221 8.23253 26.2532 0
222 8.56832 25.6744 0
223 5 28.4375 1
224 5.5 27.7827 0
225 6.01413 27.139 0
226 11.0517 22.4437 0
227 10.1553 22.2231 0
228 11.7441 22.4833 0
229 11.3994 21.8374 0
230 5 24.5313 1
231 7.27836 26.6865 0
232 14.0564 23.9888 0
233 15.825 22.325 1
234 14.9903 22.5247 0
235 8.08212 20.8285 0
236 7.6364 21.6372 0
237 6.80264 21.8798 0
238 5.77609 22.5793 0
239 6.02655 21.488 0
240 5.54964 15.1512 0
241 5.54964 16.7137 0
242 5 15.9375 1
243 9.67874 17.6786 0
244 9.87814 18.391 0
245 9.14244 18.4686 0
246 7.38594 22.7285 0
247 5.74085 17.6454 0
248 6.18727 18.5392 0
249 5.44642 18.3937 0
250 10.7013 19.9727 0
251 9.85743 19.8587 0
252 10.1857 19.295 0
253 9.22649 20.0247 0
254 11.7452 19.4463 0
255 11.4169 20.0101 0
256 8.28696 19.9036 0
257 7.25794 19.8636 0
258 11.9634 11.979 0
259 12.7988 12.3139 0
260 12.0952 12.8751 0
261 12.7567 15.7802 0
262 13.4872 16.0765 0
263 12.7846 16.7597 0
264 12.7235 20.1503 0
265 8.20291 18.3475 0
266 8.4023 19.0599 0
267 12.0719 17.2514 0
268 11.2343 17.0321 0
269 6.29048 16.8592 0
270 9.03128 16.9457 0
271 9.76698 16.868 0
272 11.9631 15.4936 0
273 11.3621 16.0858 0
274 11.271 15.1162 0
275 15.4663 19.5545 0
276 15.0077 18.858 0
277 8.33096 17.3407 0
278 8.4192 16.5302 0
279 6.02655 20.7068 0
280 5.44642 19.9562 0
281 6.47297 20.038 0
282 7.59083 17.932 0
283 10.5422 16.6546 0
284 12.8024 17.5478 0
285 13.6653 18.036 0
286 12.6656 14.8105 0
287 10.6422 14.8331 0
288 10.0184 15.1272 0
289 9.9906 14.252 0
290 13.3693 11.9897 0
291 13.0884 10.8625 0
292 13.7907 11.4343 0
293 13.7738 13.4825 0
294 13.5011 12.8857 0
295 14.3442 13.1584 0
296 14.1947 17.4534 0
297 14.3449 18.4333 0
298 14.1056 16.549 0
299 14.0777 15.5695 0
300 16.05 20.15 1
301 6.90908 16.4263 0
302 6.90782 15.5217 0
303 7.71762 16.0205 0
304 13.1949 14.1535 0
305 12.4013 13.8669 0
306 14.7091 12.4405 0
307 14.9818 13.0373 0
308 15.5371 18.2754 0
309 14.6565 14.8986 0
310 15.446 14.1651 0
311 15.4856 15.3085 0
312 11.2432 14.2409 0
313 6.67781 19.1131 0
314 14.7852 16.9464 0
315 16.225 17.325 1
316 15.5621 16.9004 0
317 16.2625 15.2625 1
318 15.4731 15.996 0
319 14.0381 14.4261 0
320 11.5659 13.5321 0
321 15.8233 12.7597 0
322 15.7483 11.8097 0
323 16.225 12.25 1
324 15.4585 13.4776 0
325 16.2875 13.8875 1
326 14.5196 11.4995 0
327 15.1571 11.3784 0
328 12.8125 5.68291 0
329 12.3854 6.49654 0
330 12.0729 5.81362 0
331 5 19.0625 1
332 8.41793 15.6255 0
333 8.54162 14.831 0
334 9.24319 15.3406 0
335 10.2023 11.9975 0
336 10.9928 11.7954 0
337 10.4693 12.7423 0
338 12.1251 10.5692 0
339 11.6965 11.2342 0
340 14.1331 8.71127 0
341 14.9024 9.47244 0
342 8.12802 12.631 0
343 7.41361 12.6892 0
344 7.44415 11.9731 0
345 9.93919 10.9662 0
346 9.62427 10.2925 0
347 10.411 10.3769 0
348 5 21.4063 1
349 6.97224 18.3648 0
350 7.10029 17.3581 0
351 5 22.9688 1
352 6.33791 14.9362 0
353 7.14645 14.5304 0
354 5.78827 13.3787 0
355 5.86487 12.4219 0
356 6.65314 12.9881 0
357 7.33701 13.646 0
358 5.78827 14.1599 0
359 7.90692 14.2315 0
360 8.73218 13.9466 0
361 5 12.0313 1
362 9.92194 8.04206 0
363 9.34604 7.43082 0
364 10.0921 7.21968 0
365 5 13.5938 1
366 9.41563 11.9131 0
367 9.52283 13.7453 0
368 8.88814 13.1458 0
369 9.89474 15.9217 0
370 13.4375 5.68291 0
371 13.125 5 1
372 10.5811 6.61784 0
373 11.157 7.22908 0
374 7.72449 11 0
375 8.22145 10.4834 0
376 8.65552 11.3984 0
377 8.91867 12.4297 0
378 10.937 13.249 0
379 10.1466 13.4511 0
380 5.62069 7.34375 0
381 6.78433 7.39964 0
382 6.16365 8.18089 0
383 7.95296 9.82384 0
384 8.88398 10.2223 0
385 6.72251 8.68696 0
386 5.55886 8.63107 0
387 11.8458 9.06317 0
388 12.7687 8.66049 0
