% A dump of the data from LGeometry class of Geometry2d project
% the '%' character means beginning of the comment, empty lines will be skipped
% Format: 
% 1-st line - global geomtry settings
% 2-nd line - boundary settings
% Data sections: nodes, segments, holes,triangles,[symmetry][boundary]
% First meaningfull line should contain all global data parameters
% First line format: 
% <Number of nodes> <number of segments> <number of holes> <number of triangles>

% 334 35 0 149

% The second meaningfull line contains information about boundary conditions
% It has following format:
% <Boundary condition type> <% of nodes in symmetric condition> <% of bounary nodes>
% <Boundary condition type> is a string. It may has one of the following values:
% "NoConditions" - then no boundary conditions at all
% "Stresses" - then the stress boundary condition only
% "Displacements" - then the displacements boundary condition only
% "SymAndStresses" - then the symmetry and stress boundary condition given
% "SymAndDisplacements" - than the symmetry and displacements boundary condition given

% SymAndDisplacements 29 12 

% The following lines will contail information about nodes
% The format of node line is: 
% <Zero-based index> <X> <Y> <boundary type>
% there X and Y - floating-point coordinates of the node
% and <boundary type> is "0" for inner and "1" for outer nodes

nds = [0 0 0 1
1 10 0 1
2 10 50 1
3 0 50 1
4 0 32 1
5 10 25 1
6 10 37.5 1
7 0 16 1
8 10 12.5 1
9 10 31.25 1
10 0 24 1
11 0 41 1
12 5.20625 34.375 0
13 4.7375 28.125 0
14 10 34.375 1
15 7.60313 35.9375 0
16 7.60313 32.8125 0
17 7.08768 16.7735 0
18 4.88125 31.2568 0
19 4.57953 37.956 0
20 7.43855 29.6875 0
21 0 36.5 1
22 0 28 1
23 10 28.125 1
24 7.36875 26.5625 0
25 2.65927 33.0644 0
26 2.32277 29.805 0
27 4.10688 24.0663 0
28 0 34.25 1
29 7.04195 23.6102 0
30 5.23681 25.9691 0
31 2.41128 26.4505 0
32 10 18.75 1
33 4.81054 18.9219 0
34 10 21.875 1
35 5.22651 21.5991 0
36 0 20 1
37 7.43999 19.8843 0
38 10 15.625 1
39 2.66637 20.626 0
40 0 22 1
41 1.87617 18 0
42 0 8 1
43 2.13342 15.8787 0
44 0 12 1
45 7.98361 21.8266 0
46 2.13554 22.87 0
47 10 43.75 1
48 4.59497 16.4124 0
49 4.2184 12.2058 0
50 6.19542 14.149 0
51 3.74961 14.3679 0
52 7.19507 11.2419 0
53 8.41758 14.0625 0
54 10 6.25 1
55 4.42852 7.77662 0
56 10 9.375 1
57 5.15849 10.0308 0
58 2.2095 10.0468 0
59 7.35848 8.07311 0
60 5 0 1
61 7.67404 5.7051 0
62 10 3.125 1
63 7.5 1.5625 0
64 7.95334 3.61841 0
65 4.43566 4.20962 0
66 5.36828 2.19201 0
67 0 4 1
68 2.5 1.54696 0
69 2.23338 3.77569 0
70 5.57548 5.99541 0
71 1.80586 38.75 0
72 4.44125 42.7149 0
73 2.49324 41.1514 0
74 0 45.5 1
75 1.1146 43.25 0
76 5 50 1
77 3.21361 45.6909 0
78 6.81075 45.4335 0
79 2.5 50 1
80 1.25 47.75 0
81 3.75 47.9934 0
82 4.948 44.6651 0
83 7.34246 42.5782 0
84 5.78472 40.3725 0
85 10 40.625 1
86 7.61824 38.534 0
87 7.92511 40.5864 0
88 10 46.875 1
89 7.42653 48.3199 0
90 5.6746 47.1848 0
91 2.7242 35.8617 0
92 2.14066 6.42922 0
93 7.80632 12.6522 0
94 7.3065 14.1057 0
95 6.69524 12.6954 0
96 6.30278 26.2658 0
97 6.13938 24.7897 0
98 7.20535 25.0864 0
99 5.39519 15.2807 0
100 4.17229 15.3901 0
101 4.97251 14.2584 0
102 8.68437 27.3438 0
103 8.71927 28.9063 0
104 7.40365 28.125 0
105 4.67185 25.0177 0
106 5.57442 23.8383 0
107 1.20564 27.2252 0
108 2.36703 28.1278 0
109 1.16139 28.9025 0
110 2.94152 15.1233 0
111 3.36419 16.1455 0
112 6.24219 32.0346 0
113 6.1599 30.4721 0
114 7.52084 31.25 0
115 10 35.9375 1
116 8.80156 36.7188 0
117 8.80156 35.1563 0
118 8.96255 40.6057 0
119 7.77167 39.5602 0
120 8.80912 39.5795 0
121 8.71927 30.4688 0
122 10 29.6875 1
123 6.08802 28.9063 0
124 6.05312 27.3438 0
125 6.09133 36.9468 0
126 4.89289 36.1655 0
127 6.40469 35.1563 0
128 8.80912 38.017 0
129 7.61068 37.2357 0
130 3.65186 36.9089 0
131 3.96522 35.1183 0
132 8.80156 33.5938 0
133 7.60313 34.375 0
134 6.40469 33.5938 0
135 5.04375 32.8159 0
136 10 32.8125 1
137 8.80156 32.0313 0
138 1.6068 45.5954 0
139 0.557298 44.375 0
140 2.1641 44.4704 0
141 0.902928 39.875 0
142 2.14955 39.9507 0
143 1.24662 41.0757 0
144 2.26503 37.3058 0
145 3.19269 38.353 0
146 3.77026 32.1606 0
147 3.93276 33.7197 0
148 8.40537 44.5918 0
149 7.0766 44.0059 0
150 8.67123 43.1641 0
151 1.32963 32.5322 0
152 1.32963 33.6572 0
153 0 33.125 1
154 10 26.5625 1
155 8.68437 25.7813 0
156 0.902928 37.625 0
157 1.3621 36.1808 0
158 4.80938 29.6909 0
159 1.20564 25.2252 0
160 1.06777 23.435 0
161 2.27341 24.6602 0
162 3.53014 28.965 0
163 3.60201 30.5309 0
164 4.98715 27.047 0
165 3.82405 26.2098 0
166 3.57439 27.2877 0
167 2.49102 31.4347 0
168 1.16139 30.9025 0
169 0 30 1
170 7.26384 18.3289 0
171 6.12527 19.4031 0
172 5.94911 17.8477 0
173 8.52098 24.3051 0
174 7.51278 22.7184 0
175 8.99181 23.4133 0
176 1.06777 22.435 0
177 0 23 1
178 1.3621 35.0558 0
179 2.69173 34.463 0
180 8.99181 21.8508 0
181 7.7118 20.8554 0
182 8.72 20.8796 0
183 0 26 1
184 3.25908 25.2584 0
185 6.13423 22.6047 0
186 4.6667 22.8327 0
187 1.33318 21.313 0
188 0 21 1
189 1.33318 20.313 0
190 7.75263 15.418 0
191 6.64155 15.4612 0
192 3.68103 22.2345 0
193 3.12121 23.4681 0
194 6.33325 20.7417 0
195 6.60506 21.7128 0
196 5.01853 20.2605 0
197 2.27127 19.313 0
198 0.938087 19 0
199 3.94644 21.1125 0
200 3.73846 19.7739 0
201 8.54384 17.7618 0
202 8.54384 16.1993 0
203 10 17.1875 1
204 8.72 19.3171 0
205 10 20.3125 1
206 3.23557 17.2062 0
207 2.0048 16.9393 0
208 0 18 1
209 0.938087 17 0
210 1.06671 15.9393 0
211 2.40096 21.748 0
212 3.34336 18.4609 0
213 3.31901 8.91172 0
214 4.7935 8.90372 0
215 3.684 10.0388 0
216 4.70275 17.6671 0
217 5.84132 16.593 0
218 10 23.4375 1
219 0 14 1
220 1.06671 13.9393 0
221 2.1092 12.1029 0
222 3.98401 13.2868 0
223 1.87481 13.184 0
224 4.68845 11.1183 0
225 3.21395 11.1263 0
226 10 10.9375 1
227 8.59753 11.8709 0
228 8.59753 10.3084 0
229 5.70673 11.7238 0
230 6.17678 10.6363 0
231 9.20879 14.8438 0
232 9.20879 13.2813 0
233 10 14.0625 1
234 5.20691 13.1774 0
235 8.83702 5.97755 0
236 7.81369 4.66176 0
237 8.97667 4.93421 0
238 8.67924 7.16155 0
239 7.51626 6.8891 0
240 8.97667 3.37171 0
241 7.72667 2.59046 0
242 8.75 2.34375 0
243 8.67924 8.72405 0
244 7.27677 9.65748 0
245 1.10475 11.0234 0
246 6.25848 9.05196 0
247 5.8935 7.92486 0
248 0 10 1
249 1.10475 9.02341 0
250 1.07033 7.21461 0
251 2.17508 8.23802 0
252 6.43414 1.87725 0
253 5.18414 1.096 0
254 6.25 0.78125 0
255 10 7.8125 1
256 3.75 0.773482 0
257 1.25 0.773482 0
258 2.5 0 1
259 8.75 0.78125 0
260 7.5 0 1
261 6.46698 7.03426 0
262 5.002 6.88601 0
263 4.90197 3.20081 0
264 6.66081 2.90521 0
265 6.1945 3.91401 0
266 10 4.6875 1
267 6.76441 4.80691 0
268 6.62476 5.85025 0
269 10 1.5625 1
270 5.00557 5.10251 0
271 1.07033 5.21461 0
272 1.11669 3.88785 0
273 2.18702 5.10245 0
274 3.33452 3.99265 0
275 2.36669 2.66133 0
276 3.46783 2.87829 0
277 3.28459 7.10292 0
278 3.93414 1.86948 0
279 3.85807 6.21231 0
280 3.28816 5.31942 0
281 0 2 1
282 1.25 2.77348 0
283 5.18212 39.1643 0
284 4.13898 40.7619 0
285 3.53639 39.5537 0
286 0 38.75 1
287 5.87937 45.0493 0
288 6.14523 43.6217 0
289 1.80392 42.2007 0
290 0.557298 42.125 0
291 3.82743 44.2029 0
292 4.69463 43.69 0
293 4.0808 45.178 0
294 2.77792 42.9824 0
295 3.46725 41.9331 0
296 0 43.25 1
297 4.7123 47.5891 0
298 5.3373 48.5924 0
299 4.375 48.9967 0
300 3.4818 46.8421 0
301 2.5 47.8717 0
302 2.2318 46.7204 0
303 0 47.75 1
304 0.625 46.625 0
305 0.625 48.875 0
306 8.71327 49.16 0
307 7.5 50 1
308 6.21327 49.16 0
309 3.125 48.9967 0
310 1.875 48.875 0
311 5.3113 45.925 0
312 4.4441 46.4378 0
313 6.55056 47.7524 0
314 1.25 50 1
315 3.75 50 1
316 5.89185 42.6465 0
317 6.24267 46.3092 0
318 6.56359 41.4753 0
319 5.11299 41.5437 0
320 10 42.1875 1
321 8.67123 41.6016 0
322 6.09888 38.245 0
323 10 39.0625 1
324 6.85492 40.4794 0
325 6.70148 39.4532 0
326 7.63378 41.5823 0
327 8.40537 46.1543 0
328 8.71327 47.5975 0
329 7.11864 46.8767 0
330 10 45.3125 1
331 10 48.4375 1
332 0 35.375 1
333 0 6 1];

% Triangles section
% Format: 
% <index1> <index2> <index3> [<index12> <index23> <index31>]
