function [nodes,elements,symmetry,boundary]=matlab_geometry
nodes = [
1.000000,1.000000;
1.750000,1.750000;
2.500000,1.000000;
1.375000,1.375000;
2.125000,1.375000;
1.750000,1.000000;
2.500000,2.500000;
2.500000,1.750000;
2.125000,2.125000;
1.000000,2.500000;
1.750000,2.500000;
1.375000,2.125000;
1.000000,1.750000;
1.750000,3.250000;
1.375000,2.875000;
2.125000,2.875000;
2.500000,4.000000;
2.500000,3.250000;
2.125000,3.625000;
1.000000,4.000000;
1.750000,4.000000;
1.375000,3.625000;
1.000000,3.250000;
1.750000,4.750000;
1.375000,4.375000;
2.125000,4.375000;
2.500000,5.500000;
2.500000,4.750000;
2.125000,5.125000;
1.000000,5.500000;
1.750000,5.500000;
1.375000,5.125000;
1.000000,4.750000;
1.750000,6.250000;
1.375000,5.875000;
2.125000,5.875000;
2.500000,7.000000;
2.500000,6.250000;
2.125000,6.625000;
1.000000,7.000000;
1.750000,7.000000;
1.375000,6.625000;
1.000000,6.250000;
3.250000,1.750000;
4.000000,1.000000;
2.875000,1.375000;
3.625000,1.375000;
3.250000,1.000000;
4.000000,2.500000;
4.000000,1.750000;
3.625000,2.125000;
3.250000,2.500000;
2.875000,2.125000;
3.250000,3.250000;
2.875000,2.875000;
3.625000,2.875000;
4.000000,4.000000;
4.000000,3.250000;
3.625000,3.625000;
3.250000,4.000000;
2.875000,3.625000;
3.250000,4.750000;
2.875000,4.375000;
3.625000,4.375000;
4.000000,5.500000;
4.000000,4.750000;
3.625000,5.125000;
3.250000,5.500000;
2.875000,5.125000;
3.250000,6.250000;
2.875000,5.875000;
3.625000,5.875000;
4.000000,7.000000;
4.000000,6.250000;
3.625000,6.625000;
3.250000,7.000000;
2.875000,6.625000;
];
elements = [
1,2,3,4,5,6;
7,3,2,8,5,9;
10,7,2,11,9,12;
1,10,2,13,12,4;
10,14,7,15,16,11;
17,7,14,18,16,19;
20,17,14,21,19,22;
10,20,14,23,22,15;
20,24,17,25,26,21;
27,17,24,28,26,29;
30,27,24,31,29,32;
20,30,24,33,32,25;
30,34,27,35,36,31;
37,27,34,38,36,39;
40,37,34,41,39,42;
30,40,34,43,42,35;
3,44,45,46,47,48;
49,45,44,50,47,51;
7,49,44,52,51,53;
3,7,44,8,53,46;
7,54,49,55,56,52;
57,49,54,58,56,59;
17,57,54,60,59,61;
7,17,54,18,61,55;
17,62,57,63,64,60;
65,57,62,66,64,67;
27,65,62,68,67,69;
17,27,62,28,69,63;
27,70,65,71,72,68;
73,65,70,74,72,75;
37,73,70,76,75,77;
27,37,70,38,77,71;
];
boundary = [
1,0.000000,0.000000;
3,0.000000,0.000000;
6,0.000000,0.000000;
37,0.000000,0.100000;
40,0.000000,0.100000;
41,0.000000,0.100000;
45,0.000000,0.000000;
48,0.000000,0.000000;
73,0.000000,0.100000;
76,0.000000,0.100000;
];
symmetry = [];