function [nodes,elements,boundary]=ansys
nodes = [
0.000000,7.000000,0.000000;
0.000000,1.000000,0.000000;
0.000000,6.750000,0.000000;
0.000000,6.500000,0.000000;
0.000000,6.250000,0.000000;
0.000000,6.000000,0.000000;
0.000000,5.750000,0.000000;
0.000000,5.500000,0.000000;
0.000000,5.250000,0.000000;
0.000000,5.000000,0.000000;
0.000000,4.750000,0.000000;
0.000000,4.500000,0.000000;
0.000000,4.250000,0.000000;
0.000000,4.000000,0.000000;
0.000000,3.750000,0.000000;
0.000000,3.500000,0.000000;
0.000000,3.250000,0.000000;
0.000000,3.000000,0.000000;
0.000000,2.750000,0.000000;
0.000000,2.500000,0.000000;
0.000000,2.250000,0.000000;
0.000000,2.000000,0.000000;
0.000000,1.750000,0.000000;
0.000000,1.500000,0.000000;
0.000000,1.250000,0.000000;
1.000000,7.000000,0.000000;
0.750000,7.000000,0.000000;
0.500000,7.000000,0.000000;
0.250000,7.000000,0.000000;
1.000000,1.000000,0.000000;
1.000000,1.250000,0.000000;
1.000000,1.500000,0.000000;
1.000000,1.750000,0.000000;
1.000000,2.000000,0.000000;
1.000000,2.250000,0.000000;
1.000000,2.500000,0.000000;
1.000000,2.750000,0.000000;
1.000000,3.000000,0.000000;
1.000000,3.250000,0.000000;
1.000000,3.500000,0.000000;
1.000000,3.750000,0.000000;
1.000000,4.000000,0.000000;
1.000000,4.250000,0.000000;
1.000000,4.500000,0.000000;
1.000000,4.750000,0.000000;
1.000000,5.000000,0.000000;
1.000000,5.250000,0.000000;
1.000000,5.500000,0.000000;
1.000000,5.750000,0.000000;
1.000000,6.000000,0.000000;
1.000000,6.250000,0.000000;
1.000000,6.500000,0.000000;
1.000000,6.750000,0.000000;
0.250000,1.000000,0.000000;
0.500000,1.000000,0.000000;
0.750000,1.000000,0.000000;
0.502130,6.704497,0.000000;
0.502002,1.295503,0.000000;
0.584709,1.493020,0.000000;
0.583816,1.148361,0.000000;
0.833816,1.398361,0.000000;
0.833816,1.148361,0.000000;
0.585474,6.506980,0.000000;
0.833943,6.601639,0.000000;
0.583943,6.851639,0.000000;
0.833943,6.851639,0.000000;
0.419079,1.491803,0.000000;
0.168187,1.397143,0.000000;
0.418187,1.147143,0.000000;
0.168187,1.147143,0.000000;
0.419717,6.508197,0.000000;
0.418187,6.852857,0.000000;
0.168187,6.602857,0.000000;
0.168187,6.852857,0.000000;
0.502807,1.963708,0.000000;
0.502456,2.493056,0.000000;
0.501882,2.999009,0.000000;
0.502679,3.500005,0.000000;
0.502679,4.000031,0.000000;
0.502680,4.500181,0.000000;
0.502682,5.001052,0.000000;
0.502705,5.506120,0.000000;
0.502893,6.035562,0.000000;
0.251531,6.155340,0.000000;
0.251531,6.405340,0.000000;
0.251363,5.630222,0.000000;
0.251363,5.880222,0.000000;
0.251342,5.125898,0.000000;
0.251342,5.375898,0.000000;
0.251340,4.625154,0.000000;
0.251340,4.875154,0.000000;
0.251340,4.125026,0.000000;
0.251340,4.375026,0.000000;
0.251340,3.625005,0.000000;
0.251340,3.875005,0.000000;
0.251340,3.125001,0.000000;
0.251340,3.375001,0.000000;
0.250542,2.624008,0.000000;
0.250542,2.874008,0.000000;
0.251914,2.119048,0.000000;
0.251914,2.369048,0.000000;
0.250893,1.594660,0.000000;
0.250893,1.844660,0.000000;
0.750893,1.844660,0.000000;
0.750893,1.594660,0.000000;
0.751914,2.369048,0.000000;
0.751914,2.119048,0.000000;
0.750542,2.874008,0.000000;
0.750542,2.624008,0.000000;
0.751340,3.375001,0.000000;
0.751340,3.125001,0.000000;
0.751340,3.875005,0.000000;
0.751340,3.625005,0.000000;
0.751340,4.375026,0.000000;
0.751340,4.125026,0.000000;
0.751340,4.875154,0.000000;
0.751340,4.625154,0.000000;
0.751342,5.375898,0.000000;
0.751342,5.125898,0.000000;
0.751363,5.880222,0.000000;
0.751363,5.630222,0.000000;
0.751531,6.405340,0.000000;
0.751531,6.155340,0.000000;
0.503061,6.310680,0.000000;
0.502725,5.760444,0.000000;
0.502684,5.251796,0.000000;
0.502680,4.750308,0.000000;
0.502679,4.250053,0.000000;
0.502679,3.750009,0.000000;
0.502679,3.250002,0.000000;
0.501085,2.748016,0.000000;
0.503828,2.238095,0.000000;
0.501785,1.689320,0.000000;
0.336373,6.705714,0.000000;
0.336373,1.294286,0.000000;
0.667887,6.703279,0.000000;
0.667632,1.296721,0.000000;
0.000000,1.000000,1.000000;
1.000000,1.000000,1.000000;
0.250000,1.000000,1.000000;
0.500000,1.000000,1.000000;
0.750000,1.000000,1.000000;
1.000000,7.000000,1.000000;
1.000000,1.250000,1.000000;
1.000000,1.500000,1.000000;
1.000000,1.750000,1.000000;
1.000000,2.000000,1.000000;
1.000000,2.250000,1.000000;
1.000000,2.500000,1.000000;
1.000000,2.750000,1.000000;
1.000000,3.000000,1.000000;
1.000000,3.250000,1.000000;
1.000000,3.500000,1.000000;
1.000000,3.750000,1.000000;
1.000000,4.000000,1.000000;
1.000000,4.250000,1.000000;
1.000000,4.500000,1.000000;
1.000000,4.750000,1.000000;
1.000000,5.000000,1.000000;
1.000000,5.250000,1.000000;
1.000000,5.500000,1.000000;
1.000000,5.750000,1.000000;
1.000000,6.000000,1.000000;
1.000000,6.250000,1.000000;
1.000000,6.500000,1.000000;
1.000000,6.750000,1.000000;
0.000000,7.000000,1.000000;
0.750000,7.000000,1.000000;
0.500000,7.000000,1.000000;
0.250000,7.000000,1.000000;
0.000000,6.750000,1.000000;
0.000000,6.500000,1.000000;
0.000000,6.250000,1.000000;
0.000000,6.000000,1.000000;
0.000000,5.750000,1.000000;
0.000000,5.500000,1.000000;
0.000000,5.250000,1.000000;
0.000000,5.000000,1.000000;
0.000000,4.750000,1.000000;
0.000000,4.500000,1.000000;
0.000000,4.250000,1.000000;
0.000000,4.000000,1.000000;
0.000000,3.750000,1.000000;
0.000000,3.500000,1.000000;
0.000000,3.250000,1.000000;
0.000000,3.000000,1.000000;
0.000000,2.750000,1.000000;
0.000000,2.500000,1.000000;
0.000000,2.250000,1.000000;
0.000000,2.000000,1.000000;
0.000000,1.750000,1.000000;
0.000000,1.500000,1.000000;
0.000000,1.250000,1.000000;
0.497998,6.704497,1.000000;
0.500665,1.294524,1.000000;
0.415291,6.506980,1.000000;
0.166184,6.601639,1.000000;
0.416184,6.851639,1.000000;
0.166184,6.851639,1.000000;
0.580921,6.508197,1.000000;
0.581813,6.852857,1.000000;
0.831813,6.602857,1.000000;
0.831813,6.852857,1.000000;
0.584068,1.490476,1.000000;
0.833852,1.396429,1.000000;
0.583852,1.146429,1.000000;
0.833852,1.146429,1.000000;
0.417030,1.492143,1.000000;
0.416814,1.148095,1.000000;
0.166814,1.398095,1.000000;
0.166814,1.148095,1.000000;
0.497193,6.036292,1.000000;
0.497544,5.506944,1.000000;
0.498118,5.000991,1.000000;
0.497321,4.499995,1.000000;
0.497322,3.999968,1.000000;
0.497330,3.499816,1.000000;
0.497375,2.998928,1.000000;
0.497635,2.493761,1.000000;
0.499145,1.963724,1.000000;
0.750216,1.594048,1.000000;
0.750216,1.844048,1.000000;
0.748928,2.119676,1.000000;
0.748928,2.369676,1.000000;
0.748706,2.624085,1.000000;
0.748706,2.874085,1.000000;
0.748668,3.124843,1.000000;
0.748668,3.374843,1.000000;
0.748662,3.624973,1.000000;
0.748662,3.874973,1.000000;
0.748660,4.124995,1.000000;
0.748660,4.374995,1.000000;
0.748660,4.624999,1.000000;
0.748660,4.874999,1.000000;
0.749458,5.125992,1.000000;
0.749458,5.375992,1.000000;
0.748086,5.630952,1.000000;
0.748086,5.880952,1.000000;
0.749107,6.155340,1.000000;
0.749107,6.405340,1.000000;
0.249107,6.405340,1.000000;
0.249107,6.155340,1.000000;
0.248086,5.880952,1.000000;
0.248086,5.630952,1.000000;
0.249458,5.375992,1.000000;
0.249458,5.125992,1.000000;
0.248660,4.874999,1.000000;
0.248660,4.624999,1.000000;
0.248660,4.374995,1.000000;
0.248660,4.124995,1.000000;
0.248662,3.874973,1.000000;
0.248662,3.624973,1.000000;
0.248668,3.374843,1.000000;
0.248668,3.124843,1.000000;
0.248706,2.874085,1.000000;
0.248706,2.624085,1.000000;
0.248928,2.369676,1.000000;
0.248928,2.119676,1.000000;
0.250216,1.844048,1.000000;
0.250216,1.594048,1.000000;
0.500433,1.688095,1.000000;
0.497857,2.239352,1.000000;
0.497413,2.748170,1.000000;
0.497336,3.249686,1.000000;
0.497323,3.749946,1.000000;
0.497321,4.249991,1.000000;
0.497321,4.749998,1.000000;
0.498915,5.251984,1.000000;
0.496172,5.761905,1.000000;
0.498215,6.310680,1.000000;
0.333627,1.296190,1.000000;
0.667703,1.292857,1.000000;
0.663627,6.705714,1.000000;
0.332368,6.703279,1.000000;
