function [nodes,elements,boundary]=bar3d
nodes = [
0.000000,1.000000,0.000000;
0.000000,1.000000,1.000000;
1.000000,1.000000,1.000000;
1.000000,1.000000,0.000000;
0.000000,7.000000,0.000000;
0.000000,7.000000,1.000000;
1.000000,7.000000,1.000000;
1.000000,7.000000,0.000000;
0.000000,1.000000,0.500212;
0.499960,1.000000,0.000000;
0.499934,7.000000,0.000000;
0.000000,7.000000,0.500462;
1.000000,3.997010,1.000000;
0.000000,3.997546,1.000000;
0.000000,4.002528,0.000000;
1.000000,3.999613,0.000000;
0.000000,2.499085,1.000000;
1.000000,2.497097,1.000000;
1.000000,2.499096,0.000000;
0.000000,2.500675,0.000000;
1.000000,5.499400,0.000000;
0.000000,5.499599,1.000000;
1.000000,5.497397,1.000000;
0.000000,5.500846,0.000000;
1.000000,4.747550,1.000000;
0.000000,4.748427,1.000000;
0.000000,4.751821,0.000000;
1.000000,4.749099,0.000000;
0.000000,1.750231,1.000000;
1.000000,1.748306,1.000000;
0.000000,3.251823,0.000000;
1.000000,3.246307,1.000000;
1.000000,3.249557,0.000000;
0.000000,3.247752,1.000000;
0.500719,2.122702,1.000000;
1.000000,1.749701,0.000000;
0.000000,1.750233,0.000000;
1.000000,6.249594,0.000000;
1.000000,6.248783,1.000000;
0.000000,5.126333,0.499534;
0.499459,5.126333,0.000000;
0.499175,5.124013,1.000000;
1.000000,5.124249,0.499251;
1.000000,4.372280,0.500973;
0.501088,4.374356,0.000000;
0.500201,4.372280,1.000000;
0.000000,4.372987,0.501858;
0.500438,1.000000,1.000000;
0.000000,3.622649,0.501518;
0.499799,3.622649,1.000000;
0.500847,3.624585,0.000000;
1.000000,3.624585,0.499027;
0.499460,2.873418,1.000000;
0.000000,2.873418,0.500594;
1.000000,2.874327,0.498786;
0.500591,2.874327,0.000000;
1.000000,1.000000,0.500333;
1.000000,2.124399,0.499253;
0.000000,2.125454,0.499405;
0.499889,1.541658,0.000000;
0.000000,1.541731,0.499999;
1.000000,1.541390,0.499711;
0.499715,1.601253,1.000000;
0.000000,6.249886,0.000000;
1.000000,7.000000,0.500136;
1.000000,5.874497,0.499696;
0.500542,5.874497,0.000000;
0.000000,6.250397,1.000000;
0.500825,5.873090,1.000000;
0.499997,5.123723,0.499997;
0.499999,4.372509,0.499998;
0.499128,3.248034,0.500872;
0.500394,2.498060,0.501662;
0.000000,1.000000,0.250028;
0.500000,1.000000,0.500000;
0.500010,1.571358,0.500006;
0.500061,6.458261,0.000000;
1.000000,6.458108,0.500169;
0.000000,6.458373,0.499894;
0.499555,7.000000,1.000000;
0.500232,6.393346,1.000000;
0.000000,5.848838,0.500435;
0.499598,3.831149,0.500401;
1.000000,4.748016,0.391388;
0.391208,4.747999,1.000000;
0.499450,2.151221,0.000000;
0.500000,7.000000,0.500000;
0.474821,6.153596,0.489784;
0.500411,5.498407,0.749998;
0.249998,5.311661,0.749998;
0.250412,5.686345,1.000000;
0.250412,5.860964,0.750217;
0.249998,5.486281,0.500216;
0.000000,5.674218,0.750217;
0.499464,3.435341,0.750436;
0.249564,3.435341,0.501195;
0.249900,3.622649,0.750759;
0.499698,3.726899,0.750201;
0.499363,3.539591,0.500637;
0.249799,3.726899,0.500960;
0.749999,4.560262,0.445693;
0.749998,4.935870,0.445693;
0.499998,4.748116,0.499997;
0.445603,4.560254,0.749999;
0.695604,4.748007,0.695694;
0.445602,4.935861,0.749998;
0.250359,2.124078,0.749702;
0.000000,2.312270,0.749702;
0.250359,2.310893,1.000000;
0.500557,2.310381,0.750831;
0.250197,2.311757,0.500533;
0.250197,2.498573,0.750831;
0.749900,3.434478,1.000000;
0.749900,3.809829,1.000000;
1.000000,3.621659,1.000000;
1.000000,3.435446,0.749514;
0.749900,3.623617,0.749514;
1.000000,3.810798,0.749514;
0.250000,6.729186,0.499947;
0.500116,6.696673,0.750000;
0.250116,6.425859,0.749947;
0.237411,6.305985,0.494839;
0.487411,6.576798,0.494892;
0.487527,6.273471,0.744892;
0.250031,6.729131,0.000000;
0.499998,6.729131,0.000000;
0.249967,7.000000,0.000000;
0.000000,6.729186,0.249947;
0.250031,6.458317,0.249947;
0.249967,6.729186,0.249947;
0.500000,5.498552,1.000000;
0.249588,5.311806,1.000000;
0.499586,5.123868,0.749998;
0.250031,6.354074,0.000000;
0.000000,6.624943,0.000000;
0.000000,6.354130,0.249947;
1.000000,4.747783,0.695694;
0.749999,4.560030,0.749999;
0.695604,4.747774,1.000000;
0.750031,6.729131,0.000000;
0.750031,6.353927,0.000000;
1.000000,6.624797,0.000000;
1.000000,6.729054,0.250085;
0.750031,6.458184,0.250085;
1.000000,6.353851,0.250085;
0.749944,1.541524,0.249855;
1.000000,1.645545,0.249855;
0.749944,1.645679,0.000000;
0.499950,1.556508,0.250003;
0.750005,1.556374,0.499858;
0.750005,1.660529,0.250003;
0.250219,1.270866,0.750000;
0.000000,1.270866,0.750000;
0.250219,1.000000,1.000000;
0.500077,1.300627,1.000000;
0.249858,1.571492,0.750000;
0.249858,1.300627,1.000000;
1.000000,1.832894,0.499482;
1.000000,1.644848,0.749855;
1.000000,1.936352,0.749626;
0.750005,1.847878,0.499629;
0.750005,1.659832,0.750003;
0.749998,4.935637,0.749998;
0.749998,5.123986,0.499624;
1.000000,4.935900,0.749625;
1.000000,4.936133,0.445320;
0.499630,3.248034,1.000000;
0.249730,3.060585,1.000000;
0.249900,3.435200,1.000000;
0.499294,3.060726,0.750436;
0.249564,3.247893,0.750436;
0.250197,2.499368,0.250831;
0.000000,2.313065,0.249702;
0.249725,2.325948,0.000000;
0.499922,2.324641,0.250831;
0.249725,2.138338,0.249702;
0.249944,1.645946,0.000000;
0.249944,1.541694,0.250000;
0.000000,1.645982,0.250000;
0.000000,1.375117,0.125014;
0.249944,1.270829,0.125014;
0.000000,1.270866,0.375014;
0.000000,3.248034,0.501056;
0.000000,3.062621,0.250297;
0.000000,3.437236,0.250759;
0.249564,3.060726,0.500733;
0.249564,3.249928,0.250436;
0.249730,2.873418,0.750297;
0.000000,3.060585,0.750297;
0.250000,1.270866,0.500000;
0.250000,1.000000,0.375014;
0.250005,1.556545,0.500003;
0.500005,1.285679,0.500003;
0.250005,1.285679,0.375017;
1.000000,1.270695,0.749855;
0.750219,1.270695,0.749855;
0.750219,1.000000,1.000000;
0.749858,1.300627,1.000000;
0.749858,1.571322,0.749855;
0.249998,5.312285,0.249998;
0.500269,5.499110,0.249998;
0.250271,5.687671,0.000000;
0.000000,5.674842,0.250217;
0.250271,5.861667,0.250217;
0.000000,1.270866,0.500106;
0.000000,1.000000,0.750106;
0.250000,1.000000,0.500106;
0.250000,1.000000,0.750000;
0.250005,1.660796,0.250003;
0.249725,1.950727,0.000000;
0.499730,1.861290,0.250003;
0.499669,1.846439,0.000000;
0.500493,2.686194,0.250831;
0.250296,2.687501,0.000000;
0.500020,2.512774,0.000000;
0.000000,5.313590,0.249767;
0.000000,4.939077,0.249767;
0.000000,5.126333,0.000000;
0.249730,5.313590,0.000000;
0.249730,5.126333,0.249767;
0.249730,4.939077,0.000000;
1.000000,6.061640,0.749848;
1.000000,5.685947,0.749848;
1.000000,5.873090,1.000000;
0.750412,6.060937,1.000000;
0.750412,5.873793,0.749848;
0.750412,5.685244,1.000000;
0.749725,1.950461,0.000000;
0.749564,3.061180,0.499829;
0.749730,2.873873,0.749393;
0.499927,2.685739,0.750831;
0.499761,2.873047,0.501267;
0.750197,2.686194,0.500224;
0.749730,5.312866,0.000000;
0.749730,4.937716,0.000000;
1.000000,5.124249,0.000000;
1.000000,5.311824,0.249625;
0.749730,5.125291,0.249625;
1.000000,4.936674,0.249625;
0.250101,4.560354,1.000000;
0.250101,4.184913,1.000000;
0.000000,4.372987,1.000000;
0.000000,4.560707,0.750929;
0.250101,4.372633,0.750929;
0.000000,4.185266,0.750929;
0.445704,4.560139,1.000000;
0.195604,4.560493,0.750929;
0.195604,4.748213,1.000000;
1.000000,1.937050,0.249626;
1.000000,2.311748,0.249626;
1.000000,2.124399,0.000000;
0.749725,2.137810,0.249626;
0.749725,2.325159,0.000000;
0.749944,1.270829,0.000000;
0.499925,1.270829,0.000000;
0.749980,1.000000,0.000000;
1.000000,1.270695,0.249855;
0.749980,1.270695,0.249855;
0.500219,1.000000,0.750000;
0.249998,4.937772,0.249998;
0.499728,5.125028,0.249998;
0.249998,5.125028,0.499765;
0.750544,4.561728,0.000000;
0.750544,4.373318,0.250487;
1.000000,4.560690,0.250487;
1.000000,4.748558,0.195694;
0.750544,4.561186,0.195694;
1.000000,4.560148,0.446181;
0.000000,2.499436,0.499999;
0.000000,2.687047,0.250297;
0.250197,2.685739,0.501128;
0.499980,1.000000,0.250000;
0.750000,1.270695,0.499855;
0.499945,1.270829,0.250000;
