function [nodes,elements,boundary]=brick_new
nodes = [
1.000000,1.000000,0.000000;
0.000000,1.000000,0.000000;
0.750000,1.000000,0.000000;
0.500000,1.000000,0.000000;
0.250000,1.000000,0.000000;
1.000000,1.000000,1.000000;
1.000000,1.000000,0.750000;
1.000000,1.000000,0.500000;
1.000000,1.000000,0.250000;
0.000000,1.000000,1.000000;
0.250000,1.000000,1.000000;
0.500000,1.000000,1.000000;
0.750000,1.000000,1.000000;
0.000000,1.000000,0.250000;
0.000000,1.000000,0.500000;
0.000000,1.000000,0.750000;
0.180116,1.000000,0.820532;
0.472791,1.000000,0.327638;
0.672791,1.000000,0.527638;
0.530944,1.000000,0.669944;
0.600829,1.000000,0.849412;
0.850829,1.000000,0.599412;
0.850829,1.000000,0.849412;
0.502078,1.000000,0.498758;
0.821962,1.000000,0.428226;
0.571962,1.000000,0.178226;
0.821962,1.000000,0.178226;
0.330944,1.000000,0.469944;
0.400829,1.000000,0.149412;
0.150829,1.000000,0.399412;
0.150829,1.000000,0.149412;
0.180116,1.000000,0.570532;
0.430116,1.000000,0.820532;
0.360231,1.000000,0.641065;
0.301657,1.000000,0.298824;
0.643924,1.000000,0.356452;
0.701657,1.000000,0.698824;
1.000000,7.000000,1.000000;
1.000000,1.250000,1.000000;
1.000000,1.500000,1.000000;
1.000000,1.750000,1.000000;
1.000000,2.000000,1.000000;
1.000000,2.250000,1.000000;
1.000000,2.500000,1.000000;
1.000000,2.750000,1.000000;
1.000000,3.000000,1.000000;
1.000000,3.250000,1.000000;
1.000000,3.500000,1.000000;
1.000000,3.750000,1.000000;
1.000000,4.000000,1.000000;
1.000000,4.250000,1.000000;
1.000000,4.500000,1.000000;
1.000000,4.750000,1.000000;
1.000000,5.000000,1.000000;
1.000000,5.250000,1.000000;
1.000000,5.500000,1.000000;
1.000000,5.750000,1.000000;
1.000000,6.000000,1.000000;
1.000000,6.250000,1.000000;
1.000000,6.500000,1.000000;
1.000000,6.750000,1.000000;
0.000000,7.000000,1.000000;
0.750000,7.000000,1.000000;
0.500000,7.000000,1.000000;
0.250000,7.000000,1.000000;
0.000000,6.750000,1.000000;
0.000000,6.500000,1.000000;
0.000000,6.250000,1.000000;
0.000000,6.000000,1.000000;
0.000000,5.750000,1.000000;
0.000000,5.500000,1.000000;
0.000000,5.250000,1.000000;
0.000000,5.000000,1.000000;
0.000000,4.750000,1.000000;
0.000000,4.500000,1.000000;
0.000000,4.250000,1.000000;
0.000000,4.000000,1.000000;
0.000000,3.750000,1.000000;
0.000000,3.500000,1.000000;
0.000000,3.250000,1.000000;
0.000000,3.000000,1.000000;
0.000000,2.750000,1.000000;
0.000000,2.500000,1.000000;
0.000000,2.250000,1.000000;
0.000000,2.000000,1.000000;
0.000000,1.750000,1.000000;
0.000000,1.500000,1.000000;
0.000000,1.250000,1.000000;
0.502002,1.295503,1.000000;
0.502130,6.704497,1.000000;
0.585474,6.506980,1.000000;
0.583943,6.851639,1.000000;
0.833943,6.601639,1.000000;
0.833943,6.851639,1.000000;
0.419717,6.508197,1.000000;
0.168187,6.602857,1.000000;
0.418187,6.852857,1.000000;
0.168187,6.852857,1.000000;
0.584709,1.493020,1.000000;
0.833816,1.398361,1.000000;
0.583816,1.148361,1.000000;
0.833816,1.148361,1.000000;
0.419079,1.491803,1.000000;
0.418187,1.147143,1.000000;
0.168187,1.397143,1.000000;
0.168187,1.147143,1.000000;
0.502807,1.963708,1.000000;
0.502456,2.493056,1.000000;
0.501882,2.999009,1.000000;
0.502679,3.500005,1.000000;
0.502679,4.000031,1.000000;
0.502680,4.500181,1.000000;
0.502682,5.001052,1.000000;
0.502705,5.506120,1.000000;
0.502893,6.035562,1.000000;
0.251531,6.405340,1.000000;
0.251531,6.155340,1.000000;
0.251363,5.880222,1.000000;
0.251363,5.630222,1.000000;
0.251342,5.375898,1.000000;
0.251342,5.125898,1.000000;
0.251340,4.875154,1.000000;
0.251340,4.625154,1.000000;
0.251340,4.375026,1.000000;
0.251340,4.125026,1.000000;
0.251340,3.875005,1.000000;
0.251340,3.625005,1.000000;
0.251340,3.375001,1.000000;
0.251340,3.125001,1.000000;
0.250542,2.874008,1.000000;
0.250542,2.624008,1.000000;
0.251914,2.369048,1.000000;
0.251914,2.119048,1.000000;
0.250893,1.844660,1.000000;
0.250893,1.594660,1.000000;
0.750893,1.594660,1.000000;
0.750893,1.844660,1.000000;
0.751914,2.119048,1.000000;
0.751914,2.369048,1.000000;
0.750542,2.624008,1.000000;
0.750542,2.874008,1.000000;
0.751340,3.125001,1.000000;
0.751340,3.375001,1.000000;
0.751340,3.625005,1.000000;
0.751340,3.875005,1.000000;
0.751340,4.125026,1.000000;
0.751340,4.375026,1.000000;
0.751340,4.625154,1.000000;
0.751340,4.875154,1.000000;
0.751342,5.125898,1.000000;
0.751342,5.375898,1.000000;
0.751363,5.630222,1.000000;
0.751363,5.880222,1.000000;
0.751531,6.155340,1.000000;
0.751531,6.405340,1.000000;
0.503061,6.310680,1.000000;
0.502725,5.760444,1.000000;
0.502684,5.251796,1.000000;
0.502680,4.750308,1.000000;
0.502679,4.250053,1.000000;
0.502679,3.750009,1.000000;
0.502679,3.250002,1.000000;
0.501085,2.748016,1.000000;
0.503828,2.238095,1.000000;
0.501785,1.689320,1.000000;
0.336373,1.294286,1.000000;
0.667632,1.296721,1.000000;
0.336373,6.705714,1.000000;
0.667887,6.703279,1.000000;
1.000000,7.000000,0.000000;
1.000000,6.750000,0.000000;
1.000000,6.500000,0.000000;
1.000000,6.250000,0.000000;
1.000000,6.000000,0.000000;
1.000000,5.750000,0.000000;
1.000000,5.500000,0.000000;
1.000000,5.250000,0.000000;
1.000000,5.000000,0.000000;
1.000000,4.750000,0.000000;
1.000000,4.500000,0.000000;
1.000000,4.250000,0.000000;
1.000000,4.000000,0.000000;
1.000000,3.750000,0.000000;
1.000000,3.500000,0.000000;
1.000000,3.250000,0.000000;
1.000000,3.000000,0.000000;
1.000000,2.750000,0.000000;
1.000000,2.500000,0.000000;
1.000000,2.250000,0.000000;
1.000000,2.000000,0.000000;
1.000000,1.750000,0.000000;
1.000000,1.500000,0.000000;
1.000000,1.250000,0.000000;
1.000000,7.000000,0.250000;
1.000000,7.000000,0.500000;
1.000000,7.000000,0.750000;
1.000000,6.705476,0.500793;
1.000000,1.294524,0.500665;
1.000000,6.509524,0.584706;
1.000000,6.603571,0.833852;
1.000000,6.853571,0.583852;
1.000000,6.853571,0.833852;
1.000000,6.507857,0.417796;
1.000000,6.851905,0.416941;
1.000000,6.601905,0.166941;
1.000000,6.851905,0.166941;
1.000000,1.490476,0.584068;
1.000000,1.146429,0.583852;
1.000000,1.396429,0.833852;
1.000000,1.146429,0.833852;
1.000000,1.492143,0.417030;
1.000000,1.398095,0.166814;
1.000000,1.148095,0.416814;
1.000000,1.148095,0.166814;
1.000000,6.036905,0.498940;
1.000000,5.506944,0.497544;
1.000000,5.000991,0.498118;
1.000000,4.499995,0.497321;
1.000000,3.999968,0.497322;
1.000000,3.499816,0.497330;
1.000000,2.998928,0.497375;
1.000000,2.493761,0.497635;
1.000000,1.963724,0.499145;
1.000000,1.844048,0.750216;
1.000000,1.594048,0.750216;
1.000000,2.369676,0.748928;
1.000000,2.119676,0.748928;
1.000000,2.874085,0.748706;
1.000000,2.624085,0.748706;
1.000000,3.374843,0.748668;
1.000000,3.124843,0.748668;
1.000000,3.874973,0.748662;
1.000000,3.624973,0.748662;
1.000000,4.374995,0.748660;
1.000000,4.124995,0.748660;
1.000000,4.874999,0.748660;
1.000000,4.624999,0.748660;
1.000000,5.375992,0.749458;
1.000000,5.125992,0.749458;
1.000000,5.880952,0.748086;
1.000000,5.630952,0.748086;
1.000000,6.405952,0.750854;
1.000000,6.155952,0.750854;
1.000000,6.155952,0.250854;
1.000000,6.405952,0.250854;
1.000000,5.630952,0.248086;
1.000000,5.880952,0.248086;
1.000000,5.125992,0.249458;
1.000000,5.375992,0.249458;
1.000000,4.624999,0.248660;
1.000000,4.874999,0.248660;
1.000000,4.124995,0.248660;
1.000000,4.374995,0.248660;
1.000000,3.624973,0.248662;
1.000000,3.874973,0.248662;
1.000000,3.124843,0.248668;
1.000000,3.374843,0.248668;
1.000000,2.624085,0.248706;
1.000000,2.874085,0.248706;
1.000000,2.119676,0.248928;
1.000000,2.369676,0.248928;
1.000000,1.594048,0.250216;
1.000000,1.844048,0.250216;
1.000000,1.688095,0.500433;
1.000000,2.239352,0.497857;
1.000000,2.748170,0.497413;
1.000000,3.249686,0.497336;
1.000000,3.749946,0.497323;
1.000000,4.249991,0.497321;
1.000000,4.749998,0.497321;
1.000000,5.251984,0.498915;
1.000000,5.761905,0.496172;
1.000000,6.311905,0.501709;
1.000000,1.296190,0.333627;
1.000000,1.292857,0.667703;
1.000000,6.703810,0.333882;
1.000000,6.707143,0.667703;
0.000000,7.000000,0.000000;
0.250000,7.000000,0.000000;
0.500000,7.000000,0.000000;
0.750000,7.000000,0.000000;
0.000000,1.250000,0.000000;
0.000000,1.500000,0.000000;
